0001 4991 
0002 3165 
0003 6544 
0004 8472 
0005 4296 
0006 2580 
0007 6434 
0008 9757 
0009 7127 
0010 1408 
0011 3418 
0012 9362 
0013 3051 
0014 2397 
0015 4455 
0016 7091 
0017 4991 
0018 9202 
0019 8016 
0020 3525 
0021 7687 
0022 9393 
0023 1974 
0024 3878 
0025 8914 
0026 2386 
0027 5692 
0028 6387 
0029 3583 
0030 6031 
0031 3981 
0032 5601 
0033 8092 
0034 4756 
0035 7528 
0036 1084 
0037 7102 
0038 2195 
0039 2041 
0040 9214 
0041 3864 
0042 3848 
0043 7949 
0044 8553 
0045 7193 
0046 3919 
0047 1347 
0048 2356 
0049 4626 
0050 5631 
0051 1701 
0052 2195 
0053 5206 
0054 3918 
0055 3902 
0056 1746 
0057 4884 
0058 0861 
0059 7777 
0060 0524 
0061 9626 
0062 6226 
0063 2705 
0064 3647 
0065 6471 
0066 9219 
0067 6751 
0068 0306 
0069 3200 
0070 3291 
0071 2039 
0072 9159 
0073 1610 
0074 9010 
0075 2114 
0076 5834 
0077 5480 
0078 4823 
0079 4477 
0080 0453 
0081 0095 
0082 3267 
0083 3440 
0084 7016 
0085 9448 
0086 4556 
0087 9662 
0088 8547 
0089 9543 
0090 7630 
0091 9352 
0092 1712 
0093 5267 
0094 7135 
0095 3115 
0096 8923 
0097 8111 
0098 2064 
0099 8542 
0100 5948 
0101 6662 
0102 9298 
0103 5311 
0104 0417 
0105 9655 
0106 9155 
0107 4865 
0108 3118 
0109 1312 
0110 2051 
0111 6047 
0112 0415 
0113 8382 
0114 5606 
0115 4006 
0116 5762 
0117 4544 
0118 4433 
0119 2469 
0120 6220 
0121 2282 
0122 0954 
0123 6241 
0124 0393 
0125 6105 
0126 5155 
0127 2127 
0128 8462 
0129 7680 
0130 6042 
0131 9056 
0132 0984 
0133 4581 
0134 5399 
0135 0979 
0136 0509 
0137 7527 
0138 8600 
0139 4502 
0140 2235 
0141 4641 
0142 6101 
0143 0944 
0144 0320 
0145 9144 
0146 6348 
0147 8354 
0148 4045 
0149 5063 
0150 3188 
0151 1942 
0152 3218 
0153 1839 
0154 5025 
0155 6395 
0156 9105 
0157 4571 
0158 4650 
0159 5228 
0160 1299 
0161 9439 
0162 7313 
0163 0014 
0164 8074 
0165 5798 
0166 2022 
0167 2508 
0168 3093 
0169 8889 
0170 4560 
0171 5754 
0172 1234 
0173 4341 
0174 8733 
0175 0423 
0176 1651 
0177 8175 
0178 6862 
0179 9376 
0180 0118 
0181 7008 
0182 5752 
0183 8229 
0184 8455 
0185 8481 
0186 4457 
0187 0443 
0188 3500 
0189 7450 
0190 9937 
0191 8541 
0192 0607 
0193 4892 
0194 9852 
0195 5304 
0196 3444 
0197 1614 
0198 6771 
0199 2905 
0200 1513 
0201 2475 
0202 4257 
0203 6588 
0204 4916 
0205 4860 
0206 1368 
0207 3942 
0208 1767 
0209 6997 
0210 0622 
0211 2052 
0212 0572 
0213 8887 
0214 9293 
0215 5697 
0216 4969 
0217 6741 
0218 2028 
0219 8922 
0220 3697 
0221 1853 
0222 1039 
0223 9812 
0224 4276 
0225 1556 
0226 1552 
0227 9950 
0228 9999 
0229 7997 
0230 0801 
0231 0597 
0232 2213 
0233 7110 
0234 2362 
0235 8306 
0236 6638 
0237 6204 
0238 2595 
0239 8351 
0240 4344 
0241 2142 
0242 3690 
0243 5187 
0244 6981 
0245 3829 
0246 2223 
0247 9621 
0248 3670 
0249 7556 
0250 8407 
0251 2443 
0252 0865 
0253 9276 
0254 9332 
0255 6864 
0256 3148 
0257 4442 
0258 4373 
0259 6689 
0260 2690 
0261 6108 
0262 0908 
0263 3369 
0264 3213 
0265 3477 
0266 1403 
0267 3983 
0268 8720 
0269 8482 
0270 0581 
0271 8177 
0272 9547 
0273 4592 
0274 0272 
0275 4516 
0276 0312 
0277 7046 
0278 7001 
0279 0331 
0280 1727 
0281 6373 
0282 0443 
0283 0202 
0284 8650 
0285 6742 
0286 1038 
0287 1520 
0288 8799 
0289 2427 
0290 9756 
0291 6978 
0292 9010 
0293 1945 
0294 1583 
0295 9341 
0296 2887 
0297 6259 
0298 0050 
0299 9900 
0300 2441 
0301 6117 
0302 8151 
0303 7252 
0304 0844 
0305 7436 
0306 1224 
0307 1626 
0308 9033 
0309 4965 
0310 8558 
0311 1772 
0312 1836 
0313 5255 
0314 1589 
0315 5665 
0316 1161 
0317 5349 
0318 6116 
0319 0246 
0320 1209 
0321 6731 
0322 6577 
0323 6508 
0324 0516 
0325 7748 
0326 5176 
0327 4490 
0328 9065 
0329 0661 
0330 9569 
0331 2613 
0332 1341 
0333 6982 
0334 2062 
0335 6542 
0336 8306 
0337 4076 
0338 0029 
0339 5087 
0340 0544 
0341 9158 
0342 5542 
0343 1339 
0344 7403 
0345 8669 
0346 8681 
0347 4349 
0348 2958 
0349 3396 
0350 2663 
0351 5701 
0352 0569 
0353 7652 
0354 8044 
0355 7248 
0356 2996 
0357 3846 
0358 8427 
0359 3345 
0360 8818 
0361 6372 
0362 9156 
0363 9671 
0364 9771 
0365 7413 
0366 3557 
0367 9983 
0368 7808 
0369 3342 
0370 8971 
0371 9231 
0372 5251 
0373 3808 
0374 0472 
0375 7380 
0376 8424 
0377 5242 
0378 3689 
0379 4453 
0380 8655 
0381 5403 
0382 8947 
0383 8166 
0384 6098 
0385 2054 
0386 0846 
0387 9712 
0388 3631 
0389 1605 
0390 1660 
0391 6290 
0392 6502 
0393 7399 
0394 6215 
0395 8365 
0396 0761 
0397 9955 
0398 0898 
0399 0412 
0400 3828 
0401 2182 
0402 7062 
0403 2849 
0404 6489 
0405 2825 
0406 5315 
0407 3583 
0408 9986 
0409 5808 
0410 2963 
0411 4367 
0412 2631 
0413 8258 
0414 3042 
0415 4262 
0416 1582 
0417 1424 
0418 3631 
0419 4549 
0420 6020 
0421 7218 
0422 3306 
0423 9033 
0424 0391 
0425 4609 
0426 8325 
0427 7257 
0428 5802 
0429 3480 
0430 2890 
0431 0896 
0432 7936 
0433 1627 
0434 5601 
0435 6221 
0436 4003 
0437 2423 
0438 5960 
0439 6134 
0440 6973 
0441 9623 
0442 5205 
0443 9336 
0444 2320 
0445 1936 
0446 6308 
0447 4694 
0448 4651 
0449 0047 
0450 5404 
0451 5370 
0452 7446 
0453 9391 
0454 4343 
0455 7755 
0456 5743 
0457 0517 
0458 8906 
0459 8028 
0460 4515 
0461 6303 
0462 9783 
0463 8482 
0464 0142 
0465 6138 
0466 6006 
0467 0564 
0468 9035 
0469 9079 
0470 7072 
0471 0410 
0472 5494 
0473 4757 
0474 4923 
0475 3305 
0476 4067 
0477 0607 
0478 9534 
0479 4016 
0480 5210 
0481 0016 
0482 8352 
0483 3941 
0484 1519 
0485 5809 
0486 9481 
0487 2875 
0488 7252 
0489 1226 
0490 8559 
0491 3213 
0492 5529 
0493 8420 
0494 1108 
0495 7896 
0496 3580 
0497 1342 
0498 0067 
0499 0279 
0500 1449 
0501 1795 
0502 4933 
0503 4238 
0504 8938 
0505 4382 
0506 9258 
0507 6968 
0508 8937 
0509 9437 
0510 5836 
0511 4350 
0512 1094 
0513 6071 
0514 4681 
0515 5469 
0516 0281 
0517 7875 
0518 0418 
0519 0884 
0520 4711 
0521 5859 
0522 1549 
0523 7166 
0524 8398 
0525 4558 
0526 6118 
0527 0600 
0528 6199 
0529 6381 
0530 2307 
0531 5191 
0532 4667 
0533 3512 
0534 3632 
0535 4476 
0536 1904 
0537 0958 
0538 7167 
0539 2899 
0540 7806 
0541 5804 
0542 6628 
0543 9881 
0544 2477 
0545 1915 
0546 8661 
0547 1553 
0548 1696 
0549 9646 
0550 8411 
0551 2823 
0552 8233 
0553 6774 
0554 9646 
0555 6514 
0556 5834 
0557 2616 
0558 6585 
0559 5373 
0560 5200 
0561 3802 
0562 8590 
0563 8501 
0564 3853 
0565 0605 
0566 6649 
0567 6867 
0568 7902 
0569 0900 
0570 7671 
0571 0099 
0572 9333 
0573 3282 
0574 3942 
0575 0058 
0576 1482 
0577 5020 
0578 7509 
0579 7961 
0580 4607 
0581 0291 
0582 0977 
0583 2012 
0584 5164 
0585 1236 
0586 6528 
0587 7902 
0588 5839 
0589 2749 
0590 9202 
0591 6796 
0592 5476 
0593 7527 
0594 5125 
0595 3457 
0596 3383 
0597 9547 
0598 5996 
0599 7670 
0600 1914 
0601 8332 
0602 6068 
0603 8945 
0604 8723 
0605 2749 
0606 9965 
0607 3225 
0608 2056 
0609 5110 
0610 7435 
0611 8433 
0612 8157 
0613 4848 
0614 9720 
0615 2020 
0616 9128 
0617 2774 
0618 9641 
0619 5579 
0620 1174 
0621 2884 
0622 0900 
0623 1361 
0624 6987 
0625 8925 
0626 6019 
0627 5721 
0628 3192 
0629 5834 
0630 8276 
0631 5086 
0632 8710 
0633 8327 
0634 3225 
0635 6333 
0636 7383 
0637 3549 
0638 4114 
0639 2428 
0640 1993 
0641 9949 
0642 0595 
0643 5582 
0644 3170 
0645 5938 
0646 8218 
0647 3800 
0648 1111 
0649 7747 
0650 4502 
0651 9984 
0652 6344 
0653 0347 
0654 5623 
0655 2909 
0656 5875 
0657 8345 
0658 7080 
0659 7546 
0660 4679 
0661 9979 
0662 4727 
0663 9044 
0664 2132 
0665 7876 
0666 8472 
0667 5530 
0668 3223 
0669 7637 
0670 8934 
0671 5564 
0672 6060 
0673 5169 
0674 1869 
0675 0535 
0676 9649 
0677 5491 
0678 0020 
0679 1006 
0680 9376 
0681 3894 
0682 3666 
0683 5979 
0684 2845 
0685 6179 
0686 3785 
0687 3341 
0688 8194 
0689 2676 
0690 9575 
0691 3555 
0692 5115 
0693 5198 
0694 6918 
0695 5766 
0696 1574 
0697 6380 
0698 7285 
0699 3671 
0700 9447 
0701 1171 
0702 1211 
0703 9666 
0704 4522 
0705 9730 
0706 9910 
0707 5880 
0708 3207 
0709 3267 
0710 5812 
0711 0610 
0712 5286 
0713 8407 
0714 6441 
0715 4781 
0716 3001 
0717 1053 
0718 8530 
0719 5268 
0720 5399 
0721 7325 
0722 2403 
0723 0018 
0724 0434 
0725 0030 
0726 5942 
0727 3704 
0728 7961 
0729 6061 
0730 9043 
0731 0919 
0732 8411 
0733 3064 
0734 5968 
0735 3596 
0736 8096 
0737 4418 
0738 6033 
0739 6499 
0740 0994 
0741 2796 
0742 4852 
0743 7577 
0744 8003 
0745 1643 
0746 5851 
0747 2591 
0748 5520 
0749 4494 
0750 0533 
0751 2073 
0752 4169 
0753 9594 
0754 6126 
0755 8558 
0756 4038 
0757 7400 
0758 7079 
0759 3107 
0760 2192 
0761 9878 
0762 8590 
0763 6811 
0764 7085 
0765 8189 
0766 4615 
0767 3347 
0768 1390 
0769 8844 
0770 7559 
0771 0803 
0772 2171 
0773 5726 
0774 3738 
0775 1018 
0776 8006 
0777 9684 
0778 4837 
0779 9929 
0780 5473 
0781 3011 
0782 0399 
0783 8788 
0784 9420 
0785 5364 
0786 2880 
0787 2974 
0788 9777 
0789 3469 
0790 3662 
0791 4532 
0792 5276 
0793 3257 
0794 4613 
0795 1871 
0796 9335 
0797 1387 
0798 4132 
0799 3046 
0800 4907 
0801 5497 
0802 8535 
0803 1926 
0804 5918 
0805 4882 
0806 8574 
0807 4044 
0808 5331 
0809 0641 
0810 4672 
0811 4682 
0812 5106 
0813 7413 
0814 6995 
0815 2919 
0816 3549 
0817 3039 
0818 6146 
0819 2096 
0820 0437 
0821 7879 
0822 4337 
0823 8054 
0824 6026 
0825 0002 
0826 5342 
0827 7532 
0828 2915 
0829 7937 
0830 8177 
0831 0653 
0832 1103 
0833 4692 
0834 0156 
0835 4344 
0836 1460 
0837 0082 
0838 8109 
0839 8697 
0840 6562 
0841 3768 
0842 8728 
0843 2797 
0844 7191 
0845 4985 
0846 6529 
0847 2643 
0848 3964 
0849 1858 
0850 7505 
0851 1355 
0852 2765 
0853 1098 
0854 8798 
0855 0754 
0856 8014 
0857 6852 
0858 6029 
0859 0833 
0860 6836 
0861 4058 
0862 3438 
0863 9169 
0864 4705 
0865 5575 
0866 0253 
0867 2337 
0868 2306 
0869 3792 
0870 0421 
0871 9209 
0872 7561 
0873 9482 
0874 3186 
0875 1426 
0876 5258 
0877 8792 
0878 1191 
0879 8803 
0880 5963 
0881 7601 
0882 0467 
0883 6912 
0884 1640 
0885 7912 
0886 2956 
0887 0190 
0888 8637 
0889 2153 
0890 9922 
0891 0712 
0892 6256 
0893 4493 
0894 0401 
0895 7659 
0896 0533 
0897 0641 
0898 4688 
0899 0642 
0900 0050 
0901 1064 
0902 7248 
0903 3107 
0904 8399 
0905 1625 
0906 1649 
0907 3405 
0908 1068 
0909 1470 
0910 6559 
0911 1997 
0912 0129 
0913 8252 
0914 8892 
0915 4344 
0916 1428 
0917 3394 
0918 2013 
0919 0775 
0920 4990 
0921 8312 
0922 7960 
0923 9293 
0924 7593 
0925 4137 
0926 2399 
0927 5933 
0928 6676 
0929 3486 
0930 0472 
0931 3294 
0932 8486 
0933 8045 
0934 4309 
0935 2239 
0936 9931 
0937 5833 
0938 7018 
0939 5864 
0940 9069 
0941 5793 
0942 4615 
0943 0658 
0944 8766 
0945 3798 
0946 5258 
0947 6164 
0948 1275 
0949 1449 
0950 8682 
0951 7124 
0952 5644 
0953 0431 
0954 4765 
0955 2055 
0956 1457 
0957 9283 
0958 6876 
0959 5438 
0960 8677 
0961 3599 
0962 9117 
0963 4912 
0964 4920 
0965 2696 
0966 2052 
0967 2898 
0968 1341 
0969 6231 
0970 6382 
0971 1560 
0972 0768 
0973 6045 
0974 3633 
0975 5851 
0976 3893 
0977 0609 
0978 9536 
0979 2754 
0980 0684 
0981 9358 
0982 4010 
0983 7769 
0984 7127 
0985 8559 
0986 9029 
0987 2201 
0988 5882 
0989 8744 
0990 4349 
0991 9025 
0992 0145 
0993 7982 
0994 7142 
0995 3718 
0996 2162 
0997 8368 
0998 3695 
0999 0091 
1000 7742 
1001 8284 
1002 2284 
1003 3159 
1004 2075 
1005 7547 
1006 8725 
1007 0881 
1008 4576 
1009 7550 
1010 0451 
1011 3817 
1012 3285 
1013 4872 
1014 0752 
1015 6132 
1016 5840 
1017 9550 
1018 6289 
1019 5987 
1020 5518 
1021 4252 
1022 8172 
1023 2727 
1024 5853 
1025 5557 
1026 4059 
1027 6961 
1028 6432 
1029 8158 
1030 3092 
1031 6150 
1032 5522 
1033 0687 
1034 9183 
1035 2075 
1036 7903 
1037 0501 
1038 0362 
1039 9684 
1040 4799 
1041 2715 
1042 0475 
1043 7382 
1044 4790 
1045 7350 
1046 9826 
1047 7184 
1048 3825 
1049 5493 
1050 8062 
1051 0920 
1052 2112 
1053 5523 
1054 3153 
1055 4997 
1056 5205 
1057 5247 
1058 1936 
1059 3134 
1060 2191 
1061 3405 
1062 4015 
1063 3332 
1064 7172 
1065 1892 
1066 8256 
1067 0318 
1068 5697 
1069 7565 
1070 7422 
1071 2228 
1072 5836 
1073 9335 
1074 5765 
1075 8687 
1076 3001 
1077 3435 
1078 7028 
1079 4522 
1080 3208 
1081 7182 
1082 5750 
1083 2973 
1084 2981 
1085 6389 
1086 6319 
1087 8379 
1088 1686 
1089 3100 
1090 4927 
1091 9093 
1092 5021 
1093 6150 
1094 8498 
1095 7374 
1096 6574 
1097 8588 
1098 0477 
1099 6255 
1100 2631 
1101 2253 
1102 8987 
1103 4722 
1104 6218 
1105 2242 
1106 4826 
1107 2616 
1108 9463 
1109 4749 
1110 9500 
1111 6542 
1112 0810 
1113 6935 
1114 5033 
1115 1421 
1116 3047 
1117 6211 
1118 6574 
1119 2004 
1120 1753 
1121 1747 
1122 9901 
1123 5682 
1124 8754 
1125 6498 
1126 4646 
1127 1768 
1128 8105 
1129 6227 
1130 3395 
1131 6407 
1132 3973 
1133 7272 
1134 5712 
1135 8780 
1136 5648 
1137 6674 
1138 5503 
1139 6893 
1140 7602 
1141 8572 
1142 6180 
1143 5351 
1144 7981 
1145 3317 
1146 3349 
1147 3617 
1148 4192 
1149 7762 
1150 0821 
1151 6855 
1152 3783 
1153 3818 
1154 7042 
1155 9874 
1156 2694 
1157 1880 
1158 9047 
1159 4499 
1160 1936 
1161 1478 
1162 4990 
1163 3019 
1164 6307 
1165 4893 
1166 0727 
1167 2413 
1168 2670 
1169 9172 
1170 0761 
1171 6381 
1172 6347 
1173 9390 
1174 6246 
1175 1302 
1176 3258 
1177 4620 
1178 0021 
1179 3481 
1180 2577 
1181 2909 
1182 2447 
1183 2620 
1184 5092 
1185 2028 
1186 5632 
1187 8462 
1188 3025 
1189 1261 
1190 7602 
1191 2452 
1192 9716 
1193 3065 
1194 3861 
1195 3503 
1196 2327 
1197 6747 
1198 1756 
1199 9830 
1200 1154 
1201 9256 
1202 6824 
1203 5565 
1204 3207 
1205 5545 
1206 9233 
1207 8125 
1208 6500 
1209 1410 
1210 6353 
1211 4451 
1212 7271 
1213 9948 
1214 8468 
1215 6280 
1216 5716 
1217 6446 
1218 8269 
1219 8025 
1220 5558 
1221 2080 
1222 2536 
1223 5691 
1224 3271 
1225 6049 
1226 2231 
1227 5125 
1228 7156 
1229 8470 
1230 2696 
1231 4350 
1232 5826 
1233 5309 
1234 9053 
1235 8527 
1236 2037 
1237 9337 
1238 9466 
1239 0616 
1240 2443 
1241 4455 
1242 1271 
1243 4886 
1244 9458 
1245 6626 
1246 0366 
1247 6996 
1248 6573 
1249 7359 
1250 5530 
1251 8820 
1252 1500 
1253 1727 
1254 4603 
1255 8809 
1256 6687 
1257 6627 
1258 5444 
1259 0846 
1260 1835 
1261 9633 
1262 1499 
1263 5216 
1264 9744 
1265 7720 
1266 8540 
1267 6914 
1268 4429 
1269 3991 
1270 5438 
1271 4360 
1272 5688 
1273 4323 
1274 0087 
1275 8757 
1276 4245 
1277 2047 
1278 1680 
1279 9618 
1280 8772 
1281 4546 
1282 2350 
1283 6791 
1284 7233 
1285 2433 
1286 2485 
1287 5113 
1288 6698 
1289 4632 
1290 0003 
1291 1553 
1292 5367 
1293 7454 
1294 5374 
1295 8678 
1296 8914 
1297 5056 
1298 6543 
1299 3061 
1300 3378 
1301 5816 
1302 9632 
1303 8109 
1304 4961 
1305 4297 
1306 1889 
1307 2067 
1308 6876 
1309 4702 
1310 4143 
1311 6739 
1312 7505 
1313 4380 
1314 1596 
1315 0120 
1316 9916 
1317 4158 
1318 7827 
1319 4999 
1320 0302 
1321 8536 
1322 1448 
1323 3821 
1324 3977 
1325 8247 
1326 0993 
1327 2131 
1328 6740 
1329 9006 
1330 5304 
1331 0206 
1332 8518 
1333 6515 
1334 8117 
1335 7471 
1336 7963 
1337 3993 
1338 2502 
1339 3608 
1340 1309 
1341 1969 
1342 1561 
1343 6718 
1344 4706 
1345 1958 
1346 0678 
1347 1988 
1348 2683 
1349 8887 
1350 2154 
1351 3084 
1352 5116 
1353 8321 
1354 2643 
1355 7079 
1356 3473 
1357 5075 
1358 9084 
1359 7198 
1360 9877 
1361 5967 
1362 3277 
1363 7584 
1364 2760 
1365 9448 
1366 5276 
1367 7854 
1368 3043 
1369 6535 
1370 8302 
1371 5144 
1372 2480 
1373 5117 
1374 5775 
1375 5419 
1376 4491 
1377 2783 
1378 2960 
1379 6270 
1380 9700 
1381 7518 
1382 4618 
1383 6793 
1384 3609 
1385 6337 
1386 4837 
1387 3527 
1388 9382 
1389 2680 
1390 0403 
1391 2255 
1392 4945 
1393 4254 
1394 2838 
1395 7354 
1396 5106 
1397 3632 
1398 6063 
1399 6821 
1400 7767 
1401 0739 
1402 1405 
1403 7586 
1404 6610 
1405 3986 
1406 0294 
1407 7752 
1408 4007 
1409 7565 
1410 5052 
1411 3502 
1412 4446 
1413 7127 
1414 2831 
1415 7981 
1416 7223 
1417 2979 
1418 8994 
1419 9852 
1420 2817 
1421 6517 
1422 5155 
1423 7674 
1424 9074 
1425 1046 
1426 6082 
1427 1456 
1428 8321 
1429 4261 
1430 0989 
1431 3207 
1432 2813 
1433 1496 
1434 6680 
1435 8388 
1436 1840 
1437 0062 
1438 8897 
1439 6061 
1440 5222 
1441 7076 
1442 3700 
1443 8753 
1444 3789 
1445 9571 
1446 9043 
1447 8199 
1448 9096 
1449 2726 
1450 7035 
1451 1095 
1452 6495 
1453 2102 
1454 8618 
1455 9038 
1456 9306 
1457 9016 
1458 3609 
1459 3203 
1460 2736 
1461 0874 
1462 3834 
1463 1925 
1464 0267 
1465 6957 
1466 2167 
1467 4915 
1468 9294 
1469 4484 
1470 2089 
1471 8109 
1472 8675 
1473 8702 
1474 5662 
1475 3478 
1476 4154 
1477 5836 
1478 9877 
1479 8393 
1480 2959 
1481 6707 
1482 7847 
1483 7764 
1484 6844 
1485 3636 
1486 2656 
1487 5986 
1488 8625 
1489 4883 
1490 7570 
1491 3652 
1492 7692 
1493 4071 
1494 6685 
1495 5569 
1496 3015 
1497 2773 
1498 3708 
1499 4250 
1500 6588 
1501 9530 
1502 6018 
1503 1375 
1504 5487 
1505 5545 
1506 2595 
1507 6639 
1508 6670 
1509 3088 
1510 7853 
1511 6991 
1512 8337 
1513 2318 
1514 4346 
1515 4358 
1516 8222 
1517 1584 
1518 1535 
1519 0485 
1520 7924 
1521 3706 
1522 2758 
1523 5919 
1524 6231 
1525 0633 
1526 3885 
1527 8545 
1528 8978 
1529 5376 
1530 0122 
1531 2608 
1532 6184 
1533 9563 
1534 2535 
1535 8029 
1536 6829 
1537 7977 
1538 2552 
1539 2010 
1540 4437 
1541 4047 
1542 5963 
1543 9136 
1544 7376 
1545 2376 
1546 0572 
1547 2638 
1548 9939 
1549 9031 
1550 5276 
1551 8454 
1552 4114 
1553 8159 
1554 2305 
1555 4955 
1556 7793 
1557 6683 
1558 1430 
1559 3204 
1560 0195 
1561 8607 
1562 4863 
1563 0978 
1564 8150 
1565 2410 
1566 5098 
1567 5244 
1568 3771 
1569 3047 
1570 7568 
1571 2950 
1572 8322 
1573 3701 
1574 0515 
1575 5127 
1576 2067 
1577 1343 
1578 8718 
1579 0176 
1580 8138 
1581 0880 
1582 6440 
1583 5509 
1584 8457 
1585 0735 
1586 5127 
1587 7259 
1588 9164 
1589 9402 
1590 1265 
1591 3539 
1592 7183 
1593 3972 
1594 6012 
1595 7464 
1596 3324 
1597 9858 
1598 0771 
1599 2407 
1600 0803 